service_id,date,exception_type
292301,20260625,1
292301,20260622,1
292301,20260703,1
292301,20260616,1
292301,20260702,1
292301,20260623,1
292301,20260615,1
292301,20260630,1
292301,20260619,1
292301,20260618,1
292301,20260707,1
292301,20260629,1
292301,20260716,1
292301,20260612,1
292301,20260611,1
292301,20260715,1
292301,20260617,1
292301,20260713,1
292301,20260710,1
292301,20260626,1
292301,20260708,1
292301,20260717,1
292301,20260709,1
292301,20260624,1
292301,20260706,1
292301,20260714,1
162503_merged_15524963,20260518,1
1_merged_15524958,20260518,2
152201_merged_15524984,20260720,1
152201_merged_15524984,20260831,1
152201_merged_15524984,20260818,1
152201_merged_15524984,20260727,1
152201_merged_15524984,20260810,1
152201_merged_15524984,20260817,1
152201_merged_15524984,20260819,1
152201_merged_15524984,20260820,1
152201_merged_15524984,20260729,1
152201_merged_15524984,20260728,1
152201_merged_15524984,20260730,1
152201_merged_15524984,20260722,1
152201_merged_15524984,20260721,1
152201_merged_15524984,20260812,1
152201_merged_15524984,20260903,1
152201_merged_15524984,20260902,1
152201_merged_15524984,20260901,1
152201_merged_15524984,20260806,1
152201_merged_15524984,20260811,1
152201_merged_15524984,20260804,1
152201_merged_15524984,20260805,1
152201_merged_15524984,20260824,1
152201_merged_15524984,20260825,1
152201_merged_15524984,20260826,1
152201_merged_15524984,20260827,1
152201_merged_15524984,20260813,1
152201_merged_15524984,20260723,1
1201_merged_15524951,20260424,1
1201_merged_15524951,20260529,1
1201_merged_15524951,20260501,1
1201_merged_15524951,20260508,1
1201_merged_15524951,20260515,1
1201_merged_15524951,20260522,1
1201_merged_15524951,20260605,1
292802,20260718,1
162601_merged_15524975,20260703,1
162601_merged_15524975,20260619,1
162601_merged_15524975,20260807,1
162601_merged_15524975,20260626,1
162601_merged_15524975,20260612,1
162601_merged_15524975,20260904,1
162601_merged_15524975,20260814,1
162601_merged_15524975,20260710,1
162601_merged_15524975,20260724,1
162601_merged_15524975,20260821,1
162601_merged_15524975,20260717,1
162601_merged_15524975,20260828,1
162601_merged_15524975,20260731,1
1201_merged_15524973,20260703,1
1201_merged_15524973,20260619,1
1201_merged_15524973,20260807,1
1201_merged_15524973,20260626,1
1201_merged_15524973,20260612,1
1201_merged_15524973,20260904,1
1201_merged_15524973,20260814,1
1201_merged_15524973,20260710,1
1201_merged_15524973,20260724,1
1201_merged_15524973,20260821,1
1201_merged_15524973,20260717,1
1201_merged_15524973,20260828,1
1201_merged_15524973,20260731,1
801_merged_15524970,20260528,1
801_merged_15524970,20260603,1
801_merged_15524970,20260521,1
801_merged_15524970,20260520,1
801_merged_15524970,20260525,1
801_merged_15524970,20260527,1
801_merged_15524970,20260526,1
801_merged_15524970,20260511,1
801_merged_15524970,20260512,1
801_merged_15524970,20260513,1
801_merged_15524970,20260514,1
801_merged_15524970,20260506,1
801_merged_15524970,20260505,1
801_merged_15524970,20260504,1
801_merged_15524970,20260519,1
801_merged_15524970,20260428,1
801_merged_15524970,20260427,1
801_merged_15524970,20260420,1
801_merged_15524970,20260421,1
801_merged_15524970,20260422,1
801_merged_15524970,20260430,1
801_merged_15524970,20260601,1
801_merged_15524970,20260602,1
801_merged_15524970,20260423,1
801_merged_15524970,20260604,1
801_merged_15524970,20260429,1
801_merged_15524970,20260507,1
169801_merged_15524967,20260424,1
169801_merged_15524967,20260529,1
169801_merged_15524967,20260522,1
169801_merged_15524967,20260605,1
169801_merged_15524967,20260501,1
169801_merged_15524967,20260514,1
169801_merged_15524967,20260515,1
169801_merged_15524967,20260508,1
291301,20260619,1
291301,20260618,1
291301,20260612,1
291301,20260611,1
291301,20260617,1
291301,20260624,1
291901,20260626,1
291901,20260702,1
1101_merged_15524969,20260528,1
1101_merged_15524969,20260603,1
1101_merged_15524969,20260521,1
1101_merged_15524969,20260520,1
1101_merged_15524969,20260525,1
1101_merged_15524969,20260527,1
1101_merged_15524969,20260526,1
1101_merged_15524969,20260511,1
1101_merged_15524969,20260512,1
1101_merged_15524969,20260513,1
1101_merged_15524969,20260514,1
1101_merged_15524969,20260506,1
1101_merged_15524969,20260505,1
1101_merged_15524969,20260504,1
1101_merged_15524969,20260519,1
1101_merged_15524969,20260428,1
1101_merged_15524969,20260427,1
1101_merged_15524969,20260420,1
1101_merged_15524969,20260421,1
1101_merged_15524969,20260422,1
1101_merged_15524969,20260430,1
1101_merged_15524969,20260601,1
1101_merged_15524969,20260602,1
1101_merged_15524969,20260423,1
1101_merged_15524969,20260604,1
1101_merged_15524969,20260429,1
1101_merged_15524969,20260507,1
3_merged_15524959,20260518,1
291303,20260614,1
291303,20260621,1
162503_merged_15524985,20260701,1
162503_merged_15524985,20260803,1
701_merged_15524952,20260424,1
701_merged_15524952,20260529,1
701_merged_15524952,20260501,1
701_merged_15524952,20260508,1
701_merged_15524952,20260515,1
701_merged_15524952,20260522,1
701_merged_15524952,20260605,1
801_merged_15524992,20260904,1
801_merged_15524992,20260708,1
801_merged_15524992,20260626,1
801_merged_15524992,20260902,1
801_merged_15524992,20260610,1
801_merged_15524992,20260724,1
801_merged_15524992,20260721,1
801_merged_15524992,20260630,1
801_merged_15524992,20260618,1
801_merged_15524992,20260807,1
801_merged_15524992,20260716,1
801_merged_15524992,20260731,1
801_merged_15524992,20260611,1
801_merged_15524992,20260715,1
801_merged_15524992,20260617,1
801_merged_15524992,20260713,1
801_merged_15524992,20260710,1
801_merged_15524992,20260901,1
801_merged_15524992,20260806,1
801_merged_15524992,20260821,1
801_merged_15524992,20260804,1
801_merged_15524992,20260805,1
801_merged_15524992,20260824,1
801_merged_15524992,20260825,1
801_merged_15524992,20260826,1
801_merged_15524992,20260827,1
801_merged_15524992,20260828,1
801_merged_15524992,20260706,1
801_merged_15524992,20260810,1
801_merged_15524992,20260608,1
801_merged_15524992,20260622,1
801_merged_15524992,20260609,1
801_merged_15524992,20260703,1
801_merged_15524992,20260616,1
801_merged_15524992,20260702,1
801_merged_15524992,20260623,1
801_merged_15524992,20260714,1
801_merged_15524992,20260625,1
801_merged_15524992,20260820,1
801_merged_15524992,20260819,1
801_merged_15524992,20260818,1
801_merged_15524992,20260729,1
801_merged_15524992,20260728,1
801_merged_15524992,20260707,1
801_merged_15524992,20260629,1
801_merged_15524992,20260811,1
801_merged_15524992,20260722,1
801_merged_15524992,20260813,1
801_merged_15524992,20260720,1
801_merged_15524992,20260727,1
801_merged_15524992,20260814,1
801_merged_15524992,20260817,1
801_merged_15524992,20260615,1
801_merged_15524992,20260730,1
801_merged_15524992,20260831,1
801_merged_15524992,20260903,1
801_merged_15524992,20260717,1
801_merged_15524992,20260709,1
801_merged_15524992,20260812,1
801_merged_15524992,20260624,1
801_merged_15524992,20260723,1
62101_merged_15524956,20260529,1
62101_merged_15524956,20260528,1
62101_merged_15524956,20260521,1
62101_merged_15524956,20260428,1
62101_merged_15524956,20260522,1
62101_merged_15524956,20260525,1
62101_merged_15524956,20260526,1
62101_merged_15524956,20260511,1
62101_merged_15524956,20260512,1
62101_merged_15524956,20260514,1
62101_merged_15524956,20260515,1
62101_merged_15524956,20260505,1
62101_merged_15524956,20260504,1
62101_merged_15524956,20260519,1
62101_merged_15524956,20260508,1
62101_merged_15524956,20260424,1
62101_merged_15524956,20260427,1
62101_merged_15524956,20260420,1
62101_merged_15524956,20260421,1
62101_merged_15524956,20260430,1
62101_merged_15524956,20260601,1
62101_merged_15524956,20260602,1
62101_merged_15524956,20260423,1
62101_merged_15524956,20260604,1
62101_merged_15524956,20260501,1
62101_merged_15524956,20260507,1
62101_merged_15524956,20260605,1
169801_merged_15524989,20260703,1
169801_merged_15524989,20260619,1
169801_merged_15524989,20260821,1
169801_merged_15524989,20260626,1
169801_merged_15524989,20260612,1
169801_merged_15524989,20260904,1
169801_merged_15524989,20260814,1
169801_merged_15524989,20260710,1
169801_merged_15524989,20260724,1
169801_merged_15524989,20260807,1
169801_merged_15524989,20260717,1
169801_merged_15524989,20260828,1
169801_merged_15524989,20260731,1
169801_merged_15524989,20260730,1
62101_merged_15524978,20260608,1
62101_merged_15524978,20260609,1
62101_merged_15524978,20260619,1
62101_merged_15524978,20260618,1
62101_merged_15524978,20260612,1
62101_merged_15524978,20260611,1
62101_merged_15524978,20260616,1
62101_merged_15524978,20260615,1
162601_merged_15524953,20260424,1
162601_merged_15524953,20260529,1
162601_merged_15524953,20260501,1
162601_merged_15524953,20260508,1
162601_merged_15524953,20260515,1
162601_merged_15524953,20260522,1
162601_merged_15524953,20260605,1
291503,20260705,1
4901,20260428,1
4901,20260429,1
4901,20260511,1
4901,20260512,1
4901,20260513,1
4901,20260514,1
4901,20260515,1
4901,20260519,1
4901,20260430,1
4901,20260529,1
4901,20260528,1
4901,20260521,1
4901,20260520,1
4901,20260522,1
4901,20260525,1
4901,20260527,1
4901,20260526,1
4901,20260501,1
4901,20260507,1
4901,20260506,1
4901,20260505,1
4901,20260504,1
4901,20260508,1
4901,20260424,1
4901,20260427,1
4901,20260420,1
4901,20260421,1
4901,20260422,1
4901,20260423,1
4901,20260601,1
4901,20260602,1
4901,20260603,1
4901,20260604,1
4901,20260605,1
4903,20260503,1
4903,20260426,1
4903,20260517,1
4903,20260524,1
4903,20260607,1
4903,20260510,1
4903,20260531,1
4903,20260518,1
4902,20260425,1
4902,20260530,1
4902,20260516,1
4902,20260502,1
4902,20260523,1
4902,20260509,1
4902,20260606,1
292303,20260701,1
292303,20260705,1
292303,20260628,1
292303,20260719,1
292303,20260614,1
292303,20260712,1
292303,20260621,1
152201_merged_15524962,20260528,1
152201_merged_15524962,20260603,1
152201_merged_15524962,20260521,1
152201_merged_15524962,20260520,1
152201_merged_15524962,20260525,1
152201_merged_15524962,20260527,1
152201_merged_15524962,20260526,1
152201_merged_15524962,20260511,1
152201_merged_15524962,20260512,1
152201_merged_15524962,20260513,1
152201_merged_15524962,20260514,1
152201_merged_15524962,20260506,1
152201_merged_15524962,20260505,1
152201_merged_15524962,20260504,1
152201_merged_15524962,20260519,1
152201_merged_15524962,20260428,1
152201_merged_15524962,20260427,1
152201_merged_15524962,20260420,1
152201_merged_15524962,20260421,1
152201_merged_15524962,20260422,1
152201_merged_15524962,20260430,1
152201_merged_15524962,20260601,1
152201_merged_15524962,20260602,1
152201_merged_15524962,20260423,1
152201_merged_15524962,20260604,1
152201_merged_15524962,20260429,1
152201_merged_15524962,20260507,1
92402,20260613,1
101_merged_15524987,20260608,1
101_merged_15524987,20260609,1
101_merged_15524987,20260619,1
101_merged_15524987,20260618,1
101_merged_15524987,20260612,1
101_merged_15524987,20260611,1
101_merged_15524987,20260610,1
101_merged_15524987,20260617,1
101_merged_15524987,20260616,1
101_merged_15524987,20260615,1
1101_merged_15524991,20260610,1
1101_merged_15524991,20260708,1
1101_merged_15524991,20260902,1
1101_merged_15524991,20260901,1
1101_merged_15524991,20260630,1
1101_merged_15524991,20260618,1
1101_merged_15524991,20260625,1
1101_merged_15524991,20260716,1
1101_merged_15524991,20260611,1
1101_merged_15524991,20260715,1
1101_merged_15524991,20260617,1
1101_merged_15524991,20260713,1
1101_merged_15524991,20260615,1
1101_merged_15524991,20260721,1
1101_merged_15524991,20260806,1
1101_merged_15524991,20260804,1
1101_merged_15524991,20260805,1
1101_merged_15524991,20260824,1
1101_merged_15524991,20260825,1
1101_merged_15524991,20260826,1
1101_merged_15524991,20260827,1
1101_merged_15524991,20260706,1
1101_merged_15524991,20260714,1
1101_merged_15524991,20260608,1
1101_merged_15524991,20260622,1
1101_merged_15524991,20260609,1
1101_merged_15524991,20260616,1
1101_merged_15524991,20260702,1
1101_merged_15524991,20260709,1
1101_merged_15524991,20260820,1
1101_merged_15524991,20260819,1
1101_merged_15524991,20260818,1
1101_merged_15524991,20260729,1
1101_merged_15524991,20260728,1
1101_merged_15524991,20260707,1
1101_merged_15524991,20260629,1
1101_merged_15524991,20260811,1
1101_merged_15524991,20260722,1
1101_merged_15524991,20260813,1
1101_merged_15524991,20260720,1
1101_merged_15524991,20260727,1
1101_merged_15524991,20260623,1
1101_merged_15524991,20260817,1
1101_merged_15524991,20260730,1
1101_merged_15524991,20260831,1
1101_merged_15524991,20260903,1
1101_merged_15524991,20260810,1
1101_merged_15524991,20260812,1
1101_merged_15524991,20260624,1
1101_merged_15524991,20260723,1
152301_merged_15524986,20260610,1
152301_merged_15524986,20260616,1
152301_merged_15524986,20260615,1
152301_merged_15524986,20260630,1
152301_merged_15524986,20260619,1
152301_merged_15524986,20260618,1
152301_merged_15524986,20260807,1
152301_merged_15524986,20260716,1
152301_merged_15524986,20260612,1
152301_merged_15524986,20260611,1
152301_merged_15524986,20260715,1
152301_merged_15524986,20260617,1
152301_merged_15524986,20260713,1
152301_merged_15524986,20260710,1
152301_merged_15524986,20260821,1
152301_merged_15524986,20260828,1
152301_merged_15524986,20260706,1
152301_merged_15524986,20260714,1
152301_merged_15524986,20260623,1
152301_merged_15524986,20260904,1
152301_merged_15524986,20260608,1
152301_merged_15524986,20260609,1
152301_merged_15524986,20260703,1
152301_merged_15524986,20260702,1
152301_merged_15524986,20260707,1
152301_merged_15524986,20260629,1
152301_merged_15524986,20260626,1
152301_merged_15524986,20260708,1
152301_merged_15524986,20260624,1
152301_merged_15524986,20260625,1
152301_merged_15524986,20260622,1
152301_merged_15524986,20260814,1
152301_merged_15524986,20260724,1
152301_merged_15524986,20260709,1
152301_merged_15524986,20260717,1
152301_merged_15524986,20260731,1
292402,20260613,1
292402,20260620,1
292402,20260711,1
401,20260608,1
401,20260609,1
401,20260619,1
401,20260618,1
401,20260612,1
401,20260611,1
401,20260610,1
401,20260617,1
401,20260616,1
401,20260615,1
3_merged_15524981,20260701,1
3_merged_15524981,20260803,1
291802,20260627,1
152301_merged_15524964,20260424,1
152301_merged_15524964,20260529,1
152301_merged_15524964,20260501,1
152301_merged_15524964,20260508,1
152301_merged_15524964,20260515,1
152301_merged_15524964,20260522,1
152301_merged_15524964,20260605,1
2001_merged_15524990,20260610,1
2001_merged_15524990,20260617,1
291101,20260610,1
291101,20260703,1
291101,20260702,1
291101,20260715,1
291101,20260608,1
291101,20260609,1
291101,20260619,1
291101,20260618,1
291101,20260707,1
291101,20260626,1
291101,20260612,1
291101,20260611,1
291101,20260625,1
291101,20260617,1
291101,20260710,1
291101,20260709,1
291101,20260717,1
291101,20260624,1
291101,20260714,1
201,20260722,1
201,20260904,1
201,20260708,1
201,20260626,1
201,20260713,1
201,20260710,1
201,20260721,1
201,20260630,1
201,20260807,1
201,20260716,1
201,20260731,1
201,20260714,1
201,20260715,1
201,20260903,1
201,20260902,1
201,20260901,1
201,20260629,1
201,20260806,1
201,20260821,1
201,20260804,1
201,20260805,1
201,20260824,1
201,20260825,1
201,20260826,1
201,20260827,1
201,20260828,1
201,20260622,1
201,20260703,1
201,20260702,1
201,20260623,1
201,20260625,1
201,20260820,1
201,20260819,1
201,20260818,1
201,20260729,1
201,20260728,1
201,20260707,1
201,20260706,1
201,20260811,1
201,20260810,1
201,20260813,1
201,20260720,1
201,20260727,1
201,20260814,1
201,20260817,1
201,20260724,1
201,20260730,1
201,20260831,1
201,20260717,1
201,20260709,1
201,20260812,1
201,20260624,1
201,20260723,1
155601_merged_15524993,20260904,1
155601_merged_15524993,20260708,1
155601_merged_15524993,20260626,1
155601_merged_15524993,20260902,1
155601_merged_15524993,20260610,1
155601_merged_15524993,20260724,1
155601_merged_15524993,20260721,1
155601_merged_15524993,20260630,1
155601_merged_15524993,20260619,1
155601_merged_15524993,20260618,1
155601_merged_15524993,20260807,1
155601_merged_15524993,20260716,1
155601_merged_15524993,20260731,1
155601_merged_15524993,20260611,1
155601_merged_15524993,20260715,1
155601_merged_15524993,20260617,1
155601_merged_15524993,20260713,1
155601_merged_15524993,20260710,1
155601_merged_15524993,20260901,1
155601_merged_15524993,20260806,1
155601_merged_15524993,20260821,1
155601_merged_15524993,20260804,1
155601_merged_15524993,20260805,1
155601_merged_15524993,20260824,1
155601_merged_15524993,20260825,1
155601_merged_15524993,20260826,1
155601_merged_15524993,20260827,1
155601_merged_15524993,20260828,1
155601_merged_15524993,20260706,1
155601_merged_15524993,20260810,1
155601_merged_15524993,20260717,1
155601_merged_15524993,20260608,1
155601_merged_15524993,20260622,1
155601_merged_15524993,20260609,1
155601_merged_15524993,20260703,1
155601_merged_15524993,20260616,1
155601_merged_15524993,20260702,1
155601_merged_15524993,20260623,1
155601_merged_15524993,20260714,1
155601_merged_15524993,20260625,1
155601_merged_15524993,20260820,1
155601_merged_15524993,20260819,1
155601_merged_15524993,20260818,1
155601_merged_15524993,20260729,1
155601_merged_15524993,20260728,1
155601_merged_15524993,20260707,1
155601_merged_15524993,20260629,1
155601_merged_15524993,20260811,1
155601_merged_15524993,20260722,1
155601_merged_15524993,20260813,1
155601_merged_15524993,20260720,1
155601_merged_15524993,20260727,1
155601_merged_15524993,20260814,1
155601_merged_15524993,20260817,1
155601_merged_15524993,20260615,1
155601_merged_15524993,20260730,1
155601_merged_15524993,20260831,1
155601_merged_15524993,20260903,1
155601_merged_15524993,20260612,1
155601_merged_15524993,20260709,1
155601_merged_15524993,20260812,1
155601_merged_15524993,20260624,1
155601_merged_15524993,20260723,1
253403_merged_15524957,20260518,1
49601,20260904,1
49601,20260903,1
49601,20260902,1
49601,20260901,1
49601,20260825,1
49601,20260826,1
49601,20260827,1
49601,20260828,1
49602,20260829,1
49602,20260822,1
49602,20260905,1
49603,20260906,1
49603,20260823,1
49603,20260830,1
291103,20260705,1
291103,20260628,1
291103,20260719,1
291103,20260614,1
291103,20260712,1
291103,20260621,1
32603_merged_15524950,20260510,1
32603_merged_15524950,20260503,1
32603_merged_15524950,20260426,1
32603_merged_15524950,20260531,1
32603_merged_15524950,20260518,1
32603_merged_15524950,20260524,1
32603_merged_15524950,20260607,1
291801,20260703,1
291801,20260625,1
292502,20260613,1
259803,20260701,1
259803,20260705,1
259803,20260628,1
259803,20260719,1
259803,20260906,1
259803,20260712,1
259803,20260726,1
259803,20260621,1
259803,20260823,1
259803,20260802,1
259803,20260803,1
259803,20260614,1
259803,20260830,1
259803,20260816,1
259803,20260809,1
292501,20260626,1
292501,20260702,1
101_merged_15524965,20260428,1
101_merged_15524965,20260429,1
101_merged_15524965,20260511,1
101_merged_15524965,20260512,1
101_merged_15524965,20260513,1
101_merged_15524965,20260514,1
101_merged_15524965,20260515,1
101_merged_15524965,20260519,1
101_merged_15524965,20260430,1
101_merged_15524965,20260529,1
101_merged_15524965,20260528,1
101_merged_15524965,20260521,1
101_merged_15524965,20260520,1
101_merged_15524965,20260522,1
101_merged_15524965,20260525,1
101_merged_15524965,20260527,1
101_merged_15524965,20260526,1
101_merged_15524965,20260501,1
101_merged_15524965,20260507,1
101_merged_15524965,20260506,1
101_merged_15524965,20260505,1
101_merged_15524965,20260504,1
101_merged_15524965,20260508,1
101_merged_15524965,20260424,1
101_merged_15524965,20260427,1
101_merged_15524965,20260420,1
101_merged_15524965,20260421,1
101_merged_15524965,20260422,1
101_merged_15524965,20260423,1
101_merged_15524965,20260601,1
101_merged_15524965,20260602,1
101_merged_15524965,20260603,1
101_merged_15524965,20260604,1
101_merged_15524965,20260605,1
92403,20260621,1
32603_merged_15524972,20260701,1
32603_merged_15524972,20260705,1
32603_merged_15524972,20260628,1
32603_merged_15524972,20260719,1
32603_merged_15524972,20260712,1
32603_merged_15524972,20260726,1
32603_merged_15524972,20260621,1
32603_merged_15524972,20260823,1
32603_merged_15524972,20260803,1
32603_merged_15524972,20260614,1
32603_merged_15524972,20260830,1
32603_merged_15524972,20260816,1
32603_merged_15524972,20260809,1
1901_merged_15524955,20260529,1
1901_merged_15524955,20260528,1
1901_merged_15524955,20260521,1
1901_merged_15524955,20260428,1
1901_merged_15524955,20260522,1
1901_merged_15524955,20260525,1
1901_merged_15524955,20260526,1
1901_merged_15524955,20260511,1
1901_merged_15524955,20260512,1
1901_merged_15524955,20260514,1
1901_merged_15524955,20260515,1
1901_merged_15524955,20260505,1
1901_merged_15524955,20260504,1
1901_merged_15524955,20260519,1
1901_merged_15524955,20260508,1
1901_merged_15524955,20260424,1
1901_merged_15524955,20260427,1
1901_merged_15524955,20260420,1
1901_merged_15524955,20260421,1
1901_merged_15524955,20260430,1
1901_merged_15524955,20260601,1
1901_merged_15524955,20260602,1
1901_merged_15524955,20260423,1
1901_merged_15524955,20260604,1
1901_merged_15524955,20260501,1
1901_merged_15524955,20260507,1
1901_merged_15524955,20260605,1
118401,20260703,1
118401,20260619,1
118401,20260807,1
118401,20260626,1
118401,20260612,1
118401,20260904,1
118401,20260814,1
118401,20260710,1
118401,20260724,1
118401,20260821,1
118401,20260717,1
118401,20260828,1
118401,20260731,1
259801,20260904,1
259801,20260708,1
259801,20260626,1
259801,20260902,1
259801,20260610,1
259801,20260724,1
259801,20260721,1
259801,20260630,1
259801,20260619,1
259801,20260618,1
259801,20260807,1
259801,20260716,1
259801,20260731,1
259801,20260611,1
259801,20260715,1
259801,20260617,1
259801,20260713,1
259801,20260710,1
259801,20260901,1
259801,20260806,1
259801,20260821,1
259801,20260804,1
259801,20260805,1
259801,20260824,1
259801,20260825,1
259801,20260826,1
259801,20260827,1
259801,20260828,1
259801,20260706,1
259801,20260810,1
259801,20260717,1
259801,20260608,1
259801,20260622,1
259801,20260609,1
259801,20260703,1
259801,20260616,1
259801,20260702,1
259801,20260623,1
259801,20260714,1
259801,20260625,1
259801,20260820,1
259801,20260819,1
259801,20260818,1
259801,20260729,1
259801,20260728,1
259801,20260707,1
259801,20260629,1
259801,20260811,1
259801,20260722,1
259801,20260813,1
259801,20260720,1
259801,20260727,1
259801,20260814,1
259801,20260817,1
259801,20260615,1
259801,20260730,1
259801,20260831,1
259801,20260903,1
259801,20260612,1
259801,20260709,1
259801,20260812,1
259801,20260624,1
259801,20260723,1
291701,20260625,1
291701,20260609,1
291701,20260622,1
291701,20260703,1
291701,20260623,1
291701,20260702,1
291701,20260615,1
291701,20260608,1
291701,20260630,1
291701,20260619,1
291701,20260618,1
291701,20260707,1
291701,20260629,1
291701,20260626,1
291701,20260612,1
291701,20260611,1
291701,20260610,1
291701,20260617,1
291701,20260616,1
291701,20260710,1
291701,20260709,1
291701,20260708,1
291701,20260624,1
291701,20260706,1
292302,20260704,1
292302,20260718,1
292302,20260613,1
292302,20260627,1
292302,20260620,1
292302,20260711,1
291703,20260701,1
291703,20260705,1
291703,20260628,1
291703,20260614,1
291703,20260712,1
291703,20260621,1
291702,20260613,1
291702,20260627,1
291702,20260704,1
291702,20260620,1
1803_merged_15524988,20260906,1
1803_merged_15524988,20260802,1
292202,20260704,1
291403,20260628,1
291102,20260704,1
291102,20260718,1
291102,20260613,1
291102,20260627,1
291102,20260620,1
291102,20260711,1
291401,20260709,1
291401,20260714,1
291401,20260715,1
291401,20260710,1
1_merged_15524980,20260701,2
1_merged_15524980,20260803,2
155601_merged_15524971,20260428,1
155601_merged_15524971,20260429,1
155601_merged_15524971,20260511,1
155601_merged_15524971,20260512,1
155601_merged_15524971,20260513,1
155601_merged_15524971,20260514,1
155601_merged_15524971,20260515,1
155601_merged_15524971,20260519,1
155601_merged_15524971,20260430,1
155601_merged_15524971,20260529,1
155601_merged_15524971,20260528,1
155601_merged_15524971,20260521,1
155601_merged_15524971,20260520,1
155601_merged_15524971,20260522,1
155601_merged_15524971,20260525,1
155601_merged_15524971,20260527,1
155601_merged_15524971,20260526,1
155601_merged_15524971,20260501,1
155601_merged_15524971,20260507,1
155601_merged_15524971,20260506,1
155601_merged_15524971,20260505,1
155601_merged_15524971,20260504,1
155601_merged_15524971,20260508,1
155601_merged_15524971,20260424,1
155601_merged_15524971,20260427,1
155601_merged_15524971,20260420,1
155601_merged_15524971,20260421,1
155601_merged_15524971,20260422,1
155601_merged_15524971,20260423,1
155601_merged_15524971,20260601,1
155601_merged_15524971,20260602,1
155601_merged_15524971,20260603,1
155601_merged_15524971,20260604,1
155601_merged_15524971,20260605,1
259802,20260704,1
259802,20260718,1
259802,20260613,1
259802,20260627,1
259802,20260905,1
259802,20260815,1
259802,20260620,1
259802,20260711,1
259802,20260822,1
259802,20260725,1
259802,20260801,1
259802,20260829,1
259802,20260808,1
292003,20260712,1
62201_merged_15524954,20260513,1
62201_merged_15524954,20260506,1
62201_merged_15524954,20260422,1
62201_merged_15524954,20260520,1
62201_merged_15524954,20260603,1
62201_merged_15524954,20260429,1
62201_merged_15524954,20260527,1
292001,20260717,1
253403_merged_15524979,20260701,1
253403_merged_15524979,20260803,1
62201_merged_15524976,20260904,1
62201_merged_15524976,20260813,1
62201_merged_15524976,20260622,1
62201_merged_15524976,20260626,1
62201_merged_15524976,20260713,1
62201_merged_15524976,20260901,1
62201_merged_15524976,20260630,1
62201_merged_15524976,20260807,1
62201_merged_15524976,20260716,1
62201_merged_15524976,20260731,1
62201_merged_15524976,20260714,1
62201_merged_15524976,20260610,1
62201_merged_15524976,20260617,1
62201_merged_15524976,20260902,1
62201_merged_15524976,20260710,1
62201_merged_15524976,20260721,1
62201_merged_15524976,20260806,1
62201_merged_15524976,20260821,1
62201_merged_15524976,20260804,1
62201_merged_15524976,20260805,1
62201_merged_15524976,20260824,1
62201_merged_15524976,20260825,1
62201_merged_15524976,20260826,1
62201_merged_15524976,20260827,1
62201_merged_15524976,20260828,1
62201_merged_15524976,20260706,1
62201_merged_15524976,20260810,1
62201_merged_15524976,20260703,1
62201_merged_15524976,20260702,1
62201_merged_15524976,20260623,1
62201_merged_15524976,20260625,1
62201_merged_15524976,20260820,1
62201_merged_15524976,20260715,1
62201_merged_15524976,20260819,1
62201_merged_15524976,20260818,1
62201_merged_15524976,20260729,1
62201_merged_15524976,20260728,1
62201_merged_15524976,20260707,1
62201_merged_15524976,20260629,1
62201_merged_15524976,20260811,1
62201_merged_15524976,20260722,1
62201_merged_15524976,20260708,1
62201_merged_15524976,20260720,1
62201_merged_15524976,20260727,1
62201_merged_15524976,20260814,1
62201_merged_15524976,20260817,1
62201_merged_15524976,20260724,1
62201_merged_15524976,20260730,1
62201_merged_15524976,20260831,1
62201_merged_15524976,20260903,1
62201_merged_15524976,20260717,1
62201_merged_15524976,20260709,1
62201_merged_15524976,20260812,1
62201_merged_15524976,20260624,1
62201_merged_15524976,20260723,1
292101,20260707,1
2001_merged_15524968,20260513,1
2001_merged_15524968,20260506,1
2001_merged_15524968,20260422,1
2001_merged_15524968,20260520,1
2001_merged_15524968,20260603,1
2001_merged_15524968,20260429,1
2001_merged_15524968,20260527,1
701_merged_15524974,20260612,1
701_merged_15524974,20260619,1
291603,20260719,1
1803_merged_15524966,20260517,1
1901_merged_15524977,20260715,1
1901_merged_15524977,20260708,1
1901_merged_15524977,20260626,1
1901_merged_15524977,20260902,1
1901_merged_15524977,20260615,1
1901_merged_15524977,20260721,1
1901_merged_15524977,20260630,1
1901_merged_15524977,20260619,1
1901_merged_15524977,20260618,1
1901_merged_15524977,20260807,1
1901_merged_15524977,20260716,1
1901_merged_15524977,20260731,1
1901_merged_15524977,20260611,1
1901_merged_15524977,20260904,1
1901_merged_15524977,20260903,1
1901_merged_15524977,20260713,1
1901_merged_15524977,20260710,1
1901_merged_15524977,20260901,1
1901_merged_15524977,20260806,1
1901_merged_15524977,20260821,1
1901_merged_15524977,20260804,1
1901_merged_15524977,20260805,1
1901_merged_15524977,20260824,1
1901_merged_15524977,20260825,1
1901_merged_15524977,20260826,1
1901_merged_15524977,20260827,1
1901_merged_15524977,20260828,1
1901_merged_15524977,20260706,1
1901_merged_15524977,20260810,1
1901_merged_15524977,20260717,1
1901_merged_15524977,20260608,1
1901_merged_15524977,20260622,1
1901_merged_15524977,20260609,1
1901_merged_15524977,20260703,1
1901_merged_15524977,20260616,1
1901_merged_15524977,20260702,1
1901_merged_15524977,20260623,1
1901_merged_15524977,20260714,1
1901_merged_15524977,20260625,1
1901_merged_15524977,20260820,1
1901_merged_15524977,20260819,1
1901_merged_15524977,20260818,1
1901_merged_15524977,20260729,1
1901_merged_15524977,20260728,1
1901_merged_15524977,20260707,1
1901_merged_15524977,20260629,1
1901_merged_15524977,20260811,1
1901_merged_15524977,20260722,1
1901_merged_15524977,20260813,1
1901_merged_15524977,20260720,1
1901_merged_15524977,20260727,1
1901_merged_15524977,20260814,1
1901_merged_15524977,20260817,1
1901_merged_15524977,20260724,1
1901_merged_15524977,20260730,1
1901_merged_15524977,20260831,1
1901_merged_15524977,20260612,1
1901_merged_15524977,20260709,1
1901_merged_15524977,20260812,1
1901_merged_15524977,20260624,1
1901_merged_15524977,20260723,1
